//2026/07/02 傾僢僾僨乕僩
// use_itemid,target_itemid,upgradeid
// use_itemid偵懳偟偰target_itemid偑桳岠偐偳偆偐
// upgradeid偺僥乕僽儖傪嶲徠偡傞

//庣岇偺僄僢僙儞僗 (23815)
23815,15378,1		//15378儔乕償傽儗僓乕傾乕儅乕
23815,15379,1		//15379儔乕償傽儗僓乕僗乕僣
23815,15380,1		//15380儔乕償傽儗僓乕儘乕僽
23815,20935,1		//20935儔乕償傽儗僓乕儅儞僩
23815,20936,1		//20936儔乕償傽儗僓乕儅僼儔乕
23815,20937,1		//20937儔乕償傽儗僓乕僼乕僪
23815,22199,1		//22199儔乕償傽儗僓乕僽乕僣
23815,22200,1		//22200儔乕償傽儗僓乕僔儏乕僘
23815,22201,1		//22201儔乕償傽儗僓乕僒儞僟儖
23815,15391,1		//15391僪儔僑儞僗働僀儖僾儗乕僩
23815,20946,1		//20946僪儔僑儞僗働僀儖僼乕僪
23815,22208,1		//22208僪儔僑儞僗働僀儖僽乕僣
23815,15400,1		//15400巌嵳偺儘乕僽
23815,20947,1		//20947巌嵳偺儅儞僩
23815,22209,1		//22209巌嵳偺僽乕僣

//摤婥偺僄僢僙儞僗 (100348)
100348,26138,2		//26138嬈壩偺忨
100348,26139,2		//26139昘妏偺忨
100348,28619,2		//28619廁恖偺擔婰挔
100348,1867,2		//1867僙僀僼僥傿僫僢僋儖
100348,16099,2		//16099儔償傽乕僴儞儅乕
100348,26162,2		//26162僂僃儖僨傿儞僌儚儞僪
100348,26215,2		//26215僙僀僼僥傿僂傿僢僾
100348,28635,2		//28635僙僀僼僥傿儅僯儏傾儖
100348,28771,2		//28771嬥懏扵抦婡Mk47
100348,28772,2		//28772曮愇扵抦婡Mk47
100348,32026,2		//32026僽儘僢僉儞僌僗僺傾
100348,32110,2		//32110僙僀僼僥傿儕儏乕僩
100348,32352,2		//32352僙僀僼僥傿僙僀僶乕
100348,550006,2		//550006僙僀僼僥傿僼僅僢僋僗僥僀儖

//栆婥偺僄僢僙儞僗 (100349)
100349,2049,3		//2049惵偄墛偺忨
100349,21039,3		//21039墹幒婻巑偺戝寱
100349,26016,3		//26016墹幒婻巑偺憚
100349,2058,3		//2058僨傿僥僋僩僗僞僢僼
100349,13346,3		//13346僌儔僀儞僟乕晽杺庤棤寱
100349,21054,3		//21054僋儘僂僜乕僪
100349,28045,3		//28045僫僢僩僽儗僀僇乕
100349,28140,3		//28140僜乕傾僢僋僗
100349,18190,3		//18190儃儖僩僔儏乕僞乕
100349,32303,3		//32303儃儖僩儕儃儖僶乕

//晲婍夵憿憰抲(Type1) (23776)
23776,21047,4		//21047價乕儉僋儗僀儌傾-OS
23776,28136,4		//28136僽儔僗僥傿-OS
23776,28038,4		//28038儌僀僗儔-OS
23776,18178,4		//18178僶乕僠儍儖儃僂-OS
23776,18179,4		//18179MH-P89-OS
23776,18180,4		//18180AC-B44-OS
23776,28253,4		//28253HR-S55-OS
23776,13493,4		//13493僉儍僲儞儗僀僺傾-OS
23776,26151,4		//26151儖僥傿儖僗僗僥傿僢僋-OS
23776,28629,4		//28629僒乕僉僢僩儃乕僪-OS
23776,16088,4		//16088僒僼傿乕儖儂乕儖-OS
23776,1862,4		//1862僶乕僯儞僌僫僢僋儖-OS
23776,28755,4		//28755崟怓-OS
23776,32019,4		//32019僽乕僗僞乕儔儞僗-OS
23776,16089,4		//16089僂儖僥傿僆-OS
23776,26164,4		//26164僄儗僋僩儕僢僋僼僅僢僋僗-OS

//晲婍夵憿憰抲(Type2) (23777)
23777,21047,5		//21047價乕儉僋儗僀儌傾-OS
23777,28136,5		//28136僽儔僗僥傿-OS
23777,28038,5		//28038儌僀僗儔-OS
23777,18178,5		//18178僶乕僠儍儖儃僂-OS
23777,18179,5		//18179MH-P89-OS
23777,18180,5		//18180AC-B44-OS
23777,28253,5		//28253HR-S55-OS
23777,13493,5		//13493僉儍僲儞儗僀僺傾-OS
23777,26151,5		//26151儖僥傿儖僗僗僥傿僢僋-OS
23777,28629,5		//28629僒乕僉僢僩儃乕僪-OS
23777,16088,5		//16088僒僼傿乕儖儂乕儖-OS
23777,1862,5		//1862僶乕僯儞僌僫僢僋儖-OS
23777,28755,5		//28755崟怓-OS
23777,32019,5		//32019僽乕僗僞乕儔儞僗-OS
23777,16089,5		//16089僂儖僥傿僆-OS
23777,26164,5		//26164僄儗僋僩儕僢僋僼僅僢僋僗-OS

//晲婍夵憿憰抲(Type3) (23778)
23778,21047,6		//21047價乕儉僋儗僀儌傾-OS
23778,28136,6		//28136僽儔僗僥傿-OS
23778,28038,6		//28038儌僀僗儔-OS
23778,18178,6		//18178僶乕僠儍儖儃僂-OS
23778,18179,6		//18179MH-P89-OS
23778,18180,6		//18180AC-B44-OS
23778,28253,6		//28253HR-S55-OS
23778,13493,6		//13493僉儍僲儞儗僀僺傾-OS
23778,26151,6		//26151儖僥傿儖僗僗僥傿僢僋-OS
23778,28629,6		//28629僒乕僉僢僩儃乕僪-OS
23778,16088,6		//16088僒僼傿乕儖儂乕儖-OS
23778,1862,6		//1862僶乕僯儞僌僫僢僋儖-OS
23778,28755,6		//28755崟怓-OS
23778,32019,6		//32019僽乕僗僞乕儔儞僗-OS
23778,16089,6		//16089僂儖僥傿僆-OS
23778,26164,6		//26164僄儗僋僩儕僢僋僼僅僢僋僗-OS

//晲婍夵憿憰抲(Type4) (23779)
23779,21047,7		//21047價乕儉僋儗僀儌傾-OS
23779,28136,7		//28136僽儔僗僥傿-OS
23779,28038,7		//28038儌僀僗儔-OS
23779,18178,7		//18178僶乕僠儍儖儃僂-OS
23779,18179,7		//18179MH-P89-OS
23779,18180,7		//18180AC-B44-OS
23779,28253,7		//28253HR-S55-OS
23779,13493,7		//13493僉儍僲儞儗僀僺傾-OS
23779,26151,7		//26151儖僥傿儖僗僗僥傿僢僋-OS
23779,28629,7		//28629僒乕僉僢僩儃乕僪-OS
23779,16088,7		//16088僒僼傿乕儖儂乕儖-OS
23779,1862,7		//1862僶乕僯儞僌僫僢僋儖-OS
23779,28755,7		//28755崟怓-OS
23779,32019,7		//32019僽乕僗僞乕儔儞僗-OS
23779,16089,7		//16089僂儖僥傿僆-OS
23779,26164,7		//26164僄儗僋僩儕僢僋僼僅僢僋僗-OS

//晲婍夵憿憰抲(Type5) (23780)
23780,21047,8		//21047價乕儉僋儗僀儌傾-OS
23780,28136,8		//28136僽儔僗僥傿-OS
23780,28038,8		//28038儌僀僗儔-OS
23780,18178,8		//18178僶乕僠儍儖儃僂-OS
23780,18179,8		//18179MH-P89-OS
23780,18180,8		//18180AC-B44-OS
23780,28253,8		//28253HR-S55-OS
23780,13493,8		//13493僉儍僲儞儗僀僺傾-OS
23780,26151,8		//26151儖僥傿儖僗僗僥傿僢僋-OS
23780,28629,8		//28629僒乕僉僢僩儃乕僪-OS
23780,16088,8		//16088僒僼傿乕儖儂乕儖-OS
23780,1862,8		//1862僶乕僯儞僌僫僢僋儖-OS
23780,28755,8		//28755崟怓-OS
23780,32019,8		//32019僽乕僗僞乕儔儞僗-OS
23780,16089,8		//16089僂儖僥傿僆-OS
23780,26164,8		//26164僄儗僋僩儕僢僋僼僅僢僋僗-OS

//晲婍夵憿憰抲(Type6) (23781)
23781,21047,9		//21047價乕儉僋儗僀儌傾-OS
23781,28136,9		//28136僽儔僗僥傿-OS
23781,28038,9		//28038儌僀僗儔-OS
23781,18178,9		//18178僶乕僠儍儖儃僂-OS
23781,18179,9		//18179MH-P89-OS
23781,18180,9		//18180AC-B44-OS
23781,28253,9		//28253HR-S55-OS
23781,13493,9		//13493僉儍僲儞儗僀僺傾-OS
23781,26151,9		//26151儖僥傿儖僗僗僥傿僢僋-OS
23781,28629,9		//28629僒乕僉僢僩儃乕僪-OS
23781,16088,9		//16088僒僼傿乕儖儂乕儖-OS
23781,1862,9		//1862僶乕僯儞僌僫僢僋儖-OS
23781,28755,9		//28755崟怓-OS
23781,32019,9		//32019僽乕僗僞乕儔儞僗-OS
23781,16089,9		//16089僂儖僥傿僆-OS
23781,26164,9		//26164僄儗僋僩儕僢僋僼僅僢僋僗-OS

//僿儖儉僗僋儘乕儖I (100281)
100281,19186,10		//19186杺彈偺嵳釰朮

//僂僃億儞僗僋儘乕儖I (100282)
100282,13412,11		//13412憮墛偺僣僀儞僄僢僕
100282,13413,11		//13413峠墛偺僣僀儞僄僢僕
100282,13090,11		//13090彈墹僼僃僀僗儚乕儉偺懌

//儊僀儖僗僋儘乕儖I (100283)
100283,15093,12		//15093桬幰偺僾儗乕僩
100283,15094,12		//15094桬幰偺儅僕僢僋僐乕僩
100283,15095,12		//15095桬幰偺僕儍僢僕儊儞僩儘乕僽
100283,15096,12		//15096桬幰偺僩儗乕僪儊僀儖
100283,15097,12		//15097桬幰偺僸僪僁儞僋儘乕僗
100283,15098,12		//15098桬幰偺僞乕僎僢僩僗乕僣

//僔儏乕僘僗僋儘乕儖I (100284)
100284,22035,13		//22035桬幰偺僱儁儞僥僗僽乕僣
100284,22036,13		//22036桬幰偺嬧屜妚僽乕僣
100284,22037,13		//22037桬幰偺僂儞僑儕傾儞僩僽乕僣

//傾僋僙僒儕乕僗僋儘乕儖I (100285)
100285,2907,14		//2907僽儚儎偺庣岇僞僩僁乕
100285,2910,14		//2910僶僐僫儚偺庣岇僞僩僁乕
100285,2911,14		//2911價儑儞僂儞僑偺庣岇僞僩僁乕
100285,2992,14		//2992儁儞僟儞僩僆僽儊僀儖僗僩乕儉
100285,28370,14		//28370攋懝偟偨僠僢僾(椢)
100285,28371,14		//28371攋懝偟偨僠僢僾(愒)

//奐塣彽暉偺楅 (12019)
12019,16047,15		//16047嶬傃偨傾乕儉

//姇夵憿憰抲(Type1) (100532)
100532,410014,16		//410014僐儖丒僐傾僿僢僪僼僅儞

//姇夵憿憰抲(Type2) (100533)
100533,410015,17		//410015僐儖丒僐傾僿僢僪僼僅儞

//僄儞僴儞僗僉儏乕僽(僀儖僔僆儞) (100251)
100251,15376,18		//15376僀儖僔僆儞僗乕僣I
100251,15377,18		//15377僀儖僔僆儞僗乕僣II
100251,20933,18		//20933僀儖僔僆儞僂傿儞僌I
100251,20934,18		//20934僀儖僔僆儞僂傿儞僌II
100251,22196,18		//22196僀儖僔僆儞儗僢僌I
100251,22197,18		//22197僀儖僔僆儞儗僢僌II
100251,460004,18		//460004僀儖僔僆儞僔乕儖僪I
100251,460014,18		//460014僀儖僔僆儞僔乕儖僪II
100251,400047,18		//400047儔儞僫僂僃乕丒傾僋僙儔儗乕僞

//僄儞僴儞僗僉儏乕僽(僆乕僩儅僥傿僢僋) (100252)
100252,450127,19		//450127僆乕僩儅僥傿僢僋僗乕僣I
100252,450128,19		//450128僆乕僩儅僥傿僢僋僗乕僣II
100252,470022,19		//470022僆乕僩儅僥傿僢僋儗僢僌I
100252,470023,19		//470023僆乕僩儅僥傿僢僋儗僢僌II
100252,480020,19		//480020僆乕僩儅僥傿僢僋僂傿儞僌I
100252,480021,19		//480021僆乕僩儅僥傿僢僋僂傿儞僌II
100252,460015,19		//460015僆乕僩儅僥傿僢僋僔乕儖僪I
100252,460016,19		//460016僆乕僩儅僥傿僢僋僔乕儖僪II
100252,400287,19		//400287儗僈僔乕僆僽儚僀僘儚儞

//戝嵾晲婍夵憿憰抲(Type1) (100164)
100164,600008,20		//600008僸億僋儕僔乕僗僄僢僕
100164,610006,20		//610006傾儚儕僥傿傾儊僞儖
100164,630003,20		//630003儖僋僗儕傾僺傾乕僗
100164,640005,20		//640005僾儔僀僪僗僩乕儞
100164,650003,20		//650003儚乕僗儂僀乕儖
100164,700007,20		//700007僗儁儖僺傾僗僩儕儞僌
100164,700008,20		//700008僌儔儖僔儑儞
100164,700009,20		//700009僺僌儕僥傿傾儕僘儉
100164,810000,20		//810000儔僗僩億僀儞僞乕
100164,820000,20		//820000儔僗僩僔儍僢僞乕
100164,830001,20		//830001儔僗僩僋儔僢僔儍乕
100164,840000,20		//840000儔僗僩僽乕儉
100164,500007,20		//500007僸億僋儕僔乕儅僔儞
100164,500008,20		//500008僀儞僂傿僨傿傾僶儞僪儖
100164,510008,20		//510008儔乕僗儗僢僋
100164,510009,20		//510009僌儔僥傿乕僗
100164,520002,20		//520002僾儔僀僪僗僠乕儖
100164,530002,20		//530002僌儔僩僯乕僗僥傿僢僋
100164,540004,20		//540004僗儘乕僗僥僉僗僩
100164,540005,20		//540005僗儘乕僗僶僀僽儖
100164,550008,20		//550008僌儕乕僪儚儞僪
100164,550009,20		//550009傾僨傿僋僔儑儞僾儔儞僣
100164,560004,20		//560004僀儔僼傿乕僗僩
100164,570005,20		//570005僺僌儕僥傿傾僂僃乕僽
100164,580005,20		//580005僺僌儕僥傿傾僗僷乕僋
100164,590006,20		//590006僄儞償傿乕僽儔儞僩

//戝嵾晲婍夵憿憰抲(Type2) (100165)
100165,600008,21		//600008僸億僋儕僔乕僗僄僢僕
100165,610006,21		//610006傾儚儕僥傿傾儊僞儖
100165,630003,21		//630003儖僋僗儕傾僺傾乕僗
100165,640005,21		//640005僾儔僀僪僗僩乕儞
100165,650003,21		//650003儚乕僗儂僀乕儖
100165,700007,21		//700007僗儁儖僺傾僗僩儕儞僌
100165,700008,21		//700008僌儔儖僔儑儞
100165,700009,21		//700009僺僌儕僥傿傾儕僘儉
100165,810000,21		//810000儔僗僩億僀儞僞乕
100165,820000,21		//820000儔僗僩僔儍僢僞乕
100165,830001,21		//830001儔僗僩僋儔僢僔儍乕
100165,840000,21		//840000儔僗僩僽乕儉
100165,500007,21		//500007僸億僋儕僔乕儅僔儞
100165,500008,21		//500008僀儞僂傿僨傿傾僶儞僪儖
100165,510008,21		//510008儔乕僗儗僢僋
100165,510009,21		//510009僌儔僥傿乕僗
100165,520002,21		//520002僾儔僀僪僗僠乕儖
100165,530002,21		//530002僌儔僩僯乕僗僥傿僢僋
100165,540004,21		//540004僗儘乕僗僥僉僗僩
100165,540005,21		//540005僗儘乕僗僶僀僽儖
100165,550008,21		//550008僌儕乕僪儚儞僪
100165,550009,21		//550009傾僨傿僋僔儑儞僾儔儞僣
100165,560004,21		//560004僀儔僼傿乕僗僩
100165,570005,21		//570005僺僌儕僥傿傾僂僃乕僽
100165,580005,21		//580005僺僌儕僥傿傾僗僷乕僋
100165,590006,21		//590006僄儞償傿乕僽儔儞僩

//戝嵾晲婍夵憿憰抲(Type3) (100166)
100166,600008,22		//600008僸億僋儕僔乕僗僄僢僕
100166,610006,22		//610006傾儚儕僥傿傾儊僞儖
100166,630003,22		//630003儖僋僗儕傾僺傾乕僗
100166,640005,22		//640005僾儔僀僪僗僩乕儞
100166,650003,22		//650003儚乕僗儂僀乕儖
100166,700007,22		//700007僗儁儖僺傾僗僩儕儞僌
100166,700008,22		//700008僌儔儖僔儑儞
100166,700009,22		//700009僺僌儕僥傿傾儕僘儉
100166,810000,22		//810000儔僗僩億僀儞僞乕
100166,820000,22		//820000儔僗僩僔儍僢僞乕
100166,830001,22		//830001儔僗僩僋儔僢僔儍乕
100166,840000,22		//840000儔僗僩僽乕儉
100166,500007,22		//500007僸億僋儕僔乕儅僔儞
100166,500008,22		//500008僀儞僂傿僨傿傾僶儞僪儖
100166,510008,22		//510008儔乕僗儗僢僋
100166,510009,22		//510009僌儔僥傿乕僗
100166,520002,22		//520002僾儔僀僪僗僠乕儖
100166,530002,22		//530002僌儔僩僯乕僗僥傿僢僋
100166,540004,22		//540004僗儘乕僗僥僉僗僩
100166,540005,22		//540005僗儘乕僗僶僀僽儖
100166,550008,22		//550008僌儕乕僪儚儞僪
100166,550009,22		//550009傾僨傿僋僔儑儞僾儔儞僣
100166,560004,22		//560004僀儔僼傿乕僗僩
100166,570005,22		//570005僺僌儕僥傿傾僂僃乕僽
100166,580005,22		//580005僺僌儕僥傿傾僗僷乕僋
100166,590006,22		//590006僄儞償傿乕僽儔儞僩

//戝嵾晲婍夵憿憰抲(Type4) (100167)
100167,600008,23		//600008僸億僋儕僔乕僗僄僢僕
100167,610006,23		//610006傾儚儕僥傿傾儊僞儖
100167,630003,23		//630003儖僋僗儕傾僺傾乕僗
100167,640005,23		//640005僾儔僀僪僗僩乕儞
100167,650003,23		//650003儚乕僗儂僀乕儖
100167,700007,23		//700007僗儁儖僺傾僗僩儕儞僌
100167,700008,23		//700008僌儔儖僔儑儞
100167,700009,23		//700009僺僌儕僥傿傾儕僘儉
100167,810000,23		//810000儔僗僩億僀儞僞乕
100167,820000,23		//820000儔僗僩僔儍僢僞乕
100167,830001,23		//830001儔僗僩僋儔僢僔儍乕
100167,840000,23		//840000儔僗僩僽乕儉
100167,500007,23		//500007僸億僋儕僔乕儅僔儞
100167,500008,23		//500008僀儞僂傿僨傿傾僶儞僪儖
100167,510008,23		//510008儔乕僗儗僢僋
100167,510009,23		//510009僌儔僥傿乕僗
100167,520002,23		//520002僾儔僀僪僗僠乕儖
100167,530002,23		//530002僌儔僩僯乕僗僥傿僢僋
100167,540004,23		//540004僗儘乕僗僥僉僗僩
100167,540005,23		//540005僗儘乕僗僶僀僽儖
100167,550008,23		//550008僌儕乕僪儚儞僪
100167,550009,23		//550009傾僨傿僋僔儑儞僾儔儞僣
100167,560004,23		//560004僀儔僼傿乕僗僩
100167,570005,23		//570005僺僌儕僥傿傾僂僃乕僽
100167,580005,23		//580005僺僌儕僥傿傾僗僷乕僋
100167,590006,23		//590006僄儞償傿乕僽儔儞僩

//戝嵾晲婍夵憿憰抲(Type5) (100168)
100168,600008,24		//600008僸億僋儕僔乕僗僄僢僕
100168,610006,24		//610006傾儚儕僥傿傾儊僞儖
100168,630003,24		//630003儖僋僗儕傾僺傾乕僗
100168,640005,24		//640005僾儔僀僪僗僩乕儞
100168,650003,24		//650003儚乕僗儂僀乕儖
100168,700007,24		//700007僗儁儖僺傾僗僩儕儞僌
100168,700008,24		//700008僌儔儖僔儑儞
100168,700009,24		//700009僺僌儕僥傿傾儕僘儉
100168,810000,24		//810000儔僗僩億僀儞僞乕
100168,820000,24		//820000儔僗僩僔儍僢僞乕
100168,830001,24		//830001儔僗僩僋儔僢僔儍乕
100168,840000,24		//840000儔僗僩僽乕儉
100168,500007,24		//500007僸億僋儕僔乕儅僔儞
100168,500008,24		//500008僀儞僂傿僨傿傾僶儞僪儖
100168,510008,24		//510008儔乕僗儗僢僋
100168,510009,24		//510009僌儔僥傿乕僗
100168,520002,24		//520002僾儔僀僪僗僠乕儖
100168,530002,24		//530002僌儔僩僯乕僗僥傿僢僋
100168,540004,24		//540004僗儘乕僗僥僉僗僩
100168,540005,24		//540005僗儘乕僗僶僀僽儖
100168,550008,24		//550008僌儕乕僪儚儞僪
100168,550009,24		//550009傾僨傿僋僔儑儞僾儔儞僣
100168,560004,24		//560004僀儔僼傿乕僗僩
100168,570005,24		//570005僺僌儕僥傿傾僂僃乕僽
100168,580005,24		//580005僺僌儕僥傿傾僗僷乕僋
100168,590006,24		//590006僄儞償傿乕僽儔儞僩

//戝嵾晲婍夵憿憰抲(Type6) (100169)
100169,600008,25		//600008僸億僋儕僔乕僗僄僢僕
100169,610006,25		//610006傾儚儕僥傿傾儊僞儖
100169,630003,25		//630003儖僋僗儕傾僺傾乕僗
100169,640005,25		//640005僾儔僀僪僗僩乕儞
100169,650003,25		//650003儚乕僗儂僀乕儖
100169,700007,25		//700007僗儁儖僺傾僗僩儕儞僌
100169,700008,25		//700008僌儔儖僔儑儞
100169,700009,25		//700009僺僌儕僥傿傾儕僘儉
100169,810000,25		//810000儔僗僩億僀儞僞乕
100169,820000,25		//820000儔僗僩僔儍僢僞乕
100169,830001,25		//830001儔僗僩僋儔僢僔儍乕
100169,840000,25		//840000儔僗僩僽乕儉
100169,500007,25		//500007僸億僋儕僔乕儅僔儞
100169,500008,25		//500008僀儞僂傿僨傿傾僶儞僪儖
100169,510008,25		//510008儔乕僗儗僢僋
100169,510009,25		//510009僌儔僥傿乕僗
100169,520002,25		//520002僾儔僀僪僗僠乕儖
100169,530002,25		//530002僌儔僩僯乕僗僥傿僢僋
100169,540004,25		//540004僗儘乕僗僥僉僗僩
100169,540005,25		//540005僗儘乕僗僶僀僽儖
100169,550008,25		//550008僌儕乕僪儚儞僪
100169,550009,25		//550009傾僨傿僋僔儑儞僾儔儞僣
100169,560004,25		//560004僀儔僼傿乕僗僩
100169,570005,25		//570005僺僌儕僥傿傾僂僃乕僽
100169,580005,25		//580005僺僌儕僥傿傾僗僷乕僋
100169,590006,25		//590006僄儞償傿乕僽儔儞僩

//僄儞僴儞僗僉儏乕僽II(僀儖僔僆儞) (100729)
100729,15376,26		//15376僀儖僔僆儞僗乕僣I
100729,15377,26		//15377僀儖僔僆儞僗乕僣II
100729,20933,26		//20933僀儖僔僆儞僂傿儞僌I
100729,20934,26		//20934僀儖僔僆儞僂傿儞僌II
100729,22196,26		//22196僀儖僔僆儞儗僢僌I
100729,22197,26		//22197僀儖僔僆儞儗僢僌II
100729,460004,26		//460004僀儖僔僆儞僔乕儖僪I
100729,460014,26		//460014僀儖僔僆儞僔乕儖僪II
100729,400047,26		//400047儔儞僫僂僃乕丒傾僋僙儔儗乕僞

//堘朄僷乕僣(Type1) (100794)
100794,410070,27		//410070僨儌儞僘僼傽儈儕傾

//堘朄僷乕僣(Type2) (100795)
100795,410071,28		//410071僨儌儞僘僼傽儈儕傾

//僨傿乕僾僗僩乕儞(暔棟) (25521)
25521,1331,29		//1331傾價僗傾僢僋僗
25521,1861,29		//1861傾價僗僋儘乕
25521,2053,29		//2053傾價僗僗僞僢僼
25521,13343,29		//13343傾價僗晽杺庤棤寱
25521,13492,29		//13492傾價僗僽儗僀僪
25521,16087,29		//16087傾價僗儊僀僗
25521,18177,29		//18177傾價僗僂傿儞僌
25521,21046,29		//21046傾價僗僋儗僀儌傾
25521,26021,29		//26021傾價僗儔儞僗
25521,26149,29		//26149傾價僗儚儞僪
25521,26150,29		//26150傾價僗僼僅僢僋僗僥僀儖
25521,28037,29		//28037傾價僗僇僞乕儖
25521,28135,29		//28135傾價僗僣乕僴儞僪傾僢僋僗
25521,28249,29		//28249傾價僗儔僀僼儖
25521,28250,29		//28250傾價僗僈僩儕儞僌僈儞
25521,28251,29		//28251傾價僗僔儑僢僩僈儞
25521,28252,29		//28252傾價僗僌儗僱乕僪僈儞
25521,28627,29		//28627傾價僗僽僢僋
25521,28753,29		//28753傾價僗僟僈乕
25521,32017,29		//32017傾價僗僗僺傾
25521,32105,29		//32105傾價僗僶僀僆儕儞
25521,32106,29		//32106傾價僗僽儗僀僪僂傿僢僾
25521,32300,29		//32300傾價僗僴儞僪僈儞

//僨傿乕僾僗僩乕儞(杺朄) (25522)
25522,1331,30		//1331傾價僗傾僢僋僗
25522,1861,30		//1861傾價僗僋儘乕
25522,2053,30		//2053傾價僗僗僞僢僼
25522,13343,30		//13343傾價僗晽杺庤棤寱
25522,13492,30		//13492傾價僗僽儗僀僪
25522,16087,30		//16087傾價僗儊僀僗
25522,18177,30		//18177傾價僗僂傿儞僌
25522,21046,30		//21046傾價僗僋儗僀儌傾
25522,26021,30		//26021傾價僗儔儞僗
25522,26149,30		//26149傾價僗儚儞僪
25522,26150,30		//26150傾價僗僼僅僢僋僗僥僀儖
25522,28037,30		//28037傾價僗僇僞乕儖
25522,28135,30		//28135傾價僗僣乕僴儞僪傾僢僋僗
25522,28249,30		//28249傾價僗儔僀僼儖
25522,28250,30		//28250傾價僗僈僩儕儞僌僈儞
25522,28251,30		//28251傾價僗僔儑僢僩僈儞
25522,28252,30		//28252傾價僗僌儗僱乕僪僈儞
25522,28627,30		//28627傾價僗僽僢僋
25522,28753,30		//28753傾價僗僟僈乕
25522,32017,30		//32017傾價僗僗僺傾
25522,32105,30		//32105傾價僗僶僀僆儕儞
25522,32106,30		//32106傾價僗僽儗僀僪僂傿僢僾
25522,32300,30		//32300傾價僗僴儞僪僈儞

//偝傃棊偲偟僋儕乕僫乕 (25523)
25523,16047,31		//16047嶬傃偨傾乕儉

//挻堘朄僷乕僣 (25524)
25524,410071,32		//410071僨儌儞僘僼傽儈儕傾

//戝嵾晲婍杺夵憿憰抲(Type4) (25536)
25536,600008,33		//600008僸億僋儕僔乕僗僄僢僕
25536,610006,33		//610006傾儚儕僥傿傾儊僞儖
25536,630003,33		//630003儖僋僗儕傾僺傾乕僗
25536,640005,33		//640005僾儔僀僪僗僩乕儞
25536,650003,33		//650003儚乕僗儂僀乕儖
25536,700007,33		//700007僗儁儖僺傾僗僩儕儞僌
25536,700008,33		//700008僌儔儖僔儑儞
25536,700009,33		//700009僺僌儕僥傿傾儕僘儉
25536,810000,33		//810000儔僗僩億僀儞僞乕
25536,820000,33		//820000儔僗僩僔儍僢僞乕
25536,830001,33		//830001儔僗僩僋儔僢僔儍乕
25536,840000,33		//840000儔僗僩僽乕儉
25536,500007,33		//500007僸億僋儕僔乕儅僔儞
25536,500008,33		//500008僀儞僂傿僨傿傾僶儞僪儖
25536,510008,33		//510008儔乕僗儗僢僋
25536,510009,33		//510009僌儔僥傿乕僗
25536,520002,33		//520002僾儔僀僪僗僠乕儖
25536,530002,33		//530002僌儔僩僯乕僗僥傿僢僋
25536,540004,33		//540004僗儘乕僗僥僉僗僩
25536,540005,33		//540005僗儘乕僗僶僀僽儖
25536,550008,33		//550008僌儕乕僪儚儞僪
25536,550009,33		//550009傾僨傿僋僔儑儞僾儔儞僣
25536,560004,33		//560004僀儔僼傿乕僗僩
25536,570005,33		//570005僺僌儕僥傿傾僂僃乕僽
25536,580005,33		//580005僺僌儕僥傿傾僗僷乕僋
25536,590006,33		//590006僄儞償傿乕僽儔儞僩

//戝嵾晲婍杺夵憿憰抲(Type5) (25537)
25537,600008,34		//600008僸億僋儕僔乕僗僄僢僕
25537,610006,34		//610006傾儚儕僥傿傾儊僞儖
25537,630003,34		//630003儖僋僗儕傾僺傾乕僗
25537,640005,34		//640005僾儔僀僪僗僩乕儞
25537,650003,34		//650003儚乕僗儂僀乕儖
25537,700007,34		//700007僗儁儖僺傾僗僩儕儞僌
25537,700008,34		//700008僌儔儖僔儑儞
25537,700009,34		//700009僺僌儕僥傿傾儕僘儉
25537,810000,34		//810000儔僗僩億僀儞僞乕
25537,820000,34		//820000儔僗僩僔儍僢僞乕
25537,830001,34		//830001儔僗僩僋儔僢僔儍乕
25537,840000,34		//840000儔僗僩僽乕儉
25537,500007,34		//500007僸億僋儕僔乕儅僔儞
25537,500008,34		//500008僀儞僂傿僨傿傾僶儞僪儖
25537,510008,34		//510008儔乕僗儗僢僋
25537,510009,34		//510009僌儔僥傿乕僗
25537,520002,34		//520002僾儔僀僪僗僠乕儖
25537,530002,34		//530002僌儔僩僯乕僗僥傿僢僋
25537,540004,34		//540004僗儘乕僗僥僉僗僩
25537,540005,34		//540005僗儘乕僗僶僀僽儖
25537,550008,34		//550008僌儕乕僪儚儞僪
25537,550009,34		//550009傾僨傿僋僔儑儞僾儔儞僣
25537,560004,34		//560004僀儔僼傿乕僗僩
25537,570005,34		//570005僺僌儕僥傿傾僂僃乕僽
25537,580005,34		//580005僺僌儕僥傿傾僗僷乕僋
25537,590006,34		//590006僄儞償傿乕僽儔儞僩

//戝嵾晲婍杺夵憿憰抲(Type6) (25538)
25538,600008,35		//600008僸億僋儕僔乕僗僄僢僕
25538,610006,35		//610006傾儚儕僥傿傾儊僞儖
25538,630003,35		//630003儖僋僗儕傾僺傾乕僗
25538,640005,35		//640005僾儔僀僪僗僩乕儞
25538,650003,35		//650003儚乕僗儂僀乕儖
25538,700007,35		//700007僗儁儖僺傾僗僩儕儞僌
25538,700008,35		//700008僌儔儖僔儑儞
25538,700009,35		//700009僺僌儕僥傿傾儕僘儉
25538,810000,35		//810000儔僗僩億僀儞僞乕
25538,820000,35		//820000儔僗僩僔儍僢僞乕
25538,830001,35		//830001儔僗僩僋儔僢僔儍乕
25538,840000,35		//840000儔僗僩僽乕儉
25538,500007,35		//500007僸億僋儕僔乕儅僔儞
25538,500008,35		//500008僀儞僂傿僨傿傾僶儞僪儖
25538,510008,35		//510008儔乕僗儗僢僋
25538,510009,35		//510009僌儔僥傿乕僗
25538,520002,35		//520002僾儔僀僪僗僠乕儖
25538,530002,35		//530002僌儔僩僯乕僗僥傿僢僋
25538,540004,35		//540004僗儘乕僗僥僉僗僩
25538,540005,35		//540005僗儘乕僗僶僀僽儖
25538,550008,35		//550008僌儕乕僪儚儞僪
25538,550009,35		//550009傾僨傿僋僔儑儞僾儔儞僣
25538,560004,35		//560004僀儔僼傿乕僗僩
25538,570005,35		//570005僺僌儕僥傿傾僂僃乕僽
25538,580005,35		//580005僺僌儕僥傿傾僗僷乕僋
25538,590006,35		//590006僄儞償傿乕僽儔儞僩

//棾婥偺僄僢僙儞僗 (23981)
23981,15391,36		//15391僪儔僑儞僗働僀儖僾儗乕僩
23981,20946,36		//20946僪儔僑儞僗働僀儖僼乕僪
23981,22208,36		//22208僪儔僑儞僗働僀儖僽乕僣
23981,15400,36		//15400巌嵳偺儘乕僽
23981,20947,36		//20947巌嵳偺儅儞僩
23981,22209,36		//22209巌嵳偺僽乕僣
23981,15378,36		//15378儔乕償傽儗僓乕傾乕儅乕
23981,15379,36		//15379儔乕償傽儗僓乕僗乕僣
23981,15380,36		//15380儔乕償傽儗僓乕儘乕僽
23981,20935,36		//20935儔乕償傽儗僓乕儅儞僩
23981,20936,36		//20936儔乕償傽儗僓乕儅僼儔乕
23981,20937,36		//20937儔乕償傽儗僓乕僼乕僪
23981,22199,36		//22199儔乕償傽儗僓乕僽乕僣
23981,22200,36		//22200儔乕償傽儗僓乕僔儏乕僘
23981,22201,36		//22201儔乕償傽儗僓乕僒儞僟儖

//廽暉偺僄僢僙儞僗 (100142)
100142,15391,37		//15391僪儔僑儞僗働僀儖僾儗乕僩
100142,20946,37		//20946僪儔僑儞僗働僀儖僼乕僪
100142,22208,37		//22208僪儔僑儞僗働僀儖僽乕僣
100142,15400,37		//15400巌嵳偺儘乕僽
100142,20947,37		//20947巌嵳偺儅儞僩
100142,22209,37		//22209巌嵳偺僽乕僣
100142,15378,37		//15378儔乕償傽儗僓乕傾乕儅乕
100142,15379,37		//15379儔乕償傽儗僓乕僗乕僣
100142,15380,37		//15380儔乕償傽儗僓乕儘乕僽
100142,20935,37		//20935儔乕償傽儗僓乕儅儞僩
100142,20936,37		//20936儔乕償傽儗僓乕儅僼儔乕
100142,20937,37		//20937儔乕償傽儗僓乕僼乕僪
100142,22199,37		//22199儔乕償傽儗僓乕僽乕僣
100142,22200,37		//22200儔乕償傽儗僓乕僔儏乕僘
100142,22201,37		//22201儔乕償傽儗僓乕僒儞僟儖

//傾僀儞僽儘僢僋晲婍夵憿嫋壜徹I (9514)
9514,26138,38		//26138嬈壩偺忨
9514,26139,38		//26139昘妏偺忨
9514,28619,38		//28619廁恖偺擔婰挔
9514,1867,38		//1867僙僀僼僥傿僫僢僋儖
9514,16099,38		//16099儔償傽乕僴儞儅乕
9514,26162,38		//26162僂僃儖僨傿儞僌儚儞僪
9514,26215,38		//26215僙僀僼僥傿僂傿僢僾
9514,28635,38		//28635僙僀僼僥傿儅僯儏傾儖
9514,28771,38		//28771嬥懏扵抦婡Mk47
9514,28772,38		//28772曮愇扵抦婡Mk47
9514,32026,38		//32026僽儘僢僉儞僌僗僺傾
9514,32110,38		//32110僙僀僼僥傿儕儏乕僩
9514,32352,38		//32352僙僀僼僥傿僙僀僶乕
9514,550006,38		//550006僙僀僼僥傿僼僅僢僋僗僥僀儖

//傾僀儞僽儘僢僋晲婍夵憿嫋壜徹II (9529)
9529,2049,39		//2049惵偄墛偺忨
9529,21039,39		//21039墹幒婻巑偺戝寱
9529,26016,39		//26016墹幒婻巑偺憚
9529,2058,39		//2058僨傿僥僋僩僗僞僢僼
9529,13346,39		//13346僌儔僀儞僟乕晽杺庤棤寱
9529,21054,39		//21054僋儘僂僜乕僪
9529,28045,39		//28045僫僢僩僽儗僀僇乕
9529,28140,39		//28140僜乕傾僢僋僗
9529,18190,39		//18190儃儖僩僔儏乕僞乕
9529,32303,39		//32303儃儖僩儕儃儖僶乕

//僄儞僴儞僗僉儏乕僽(僌儗僀僂儖僼) (100626)
100626,450177,40		//450177僌儗僀僂儖僼僗乕僣
100626,450178,40		//450178僌儗僀僂儖僼儘乕僽
100626,470087,40		//470087僌儗僀僂儖僼僽乕僣
100626,470088,40		//470088僌儗僀僂儖僼僔儏乕僘
100626,480090,40		//480090僌儗僀僂儖僼儅僼儔乕
100626,480091,40		//480091僌儗僀僂儖僼儅儞僩
100626,400409,40		//400409儚僀儖僪價乕僗僩

//僄儞僴儞僗僉儏乕僽II(僌儗僀僂儖僼) (102294)
102294,450177,41		//450177僌儗僀僂儖僼僗乕僣
102294,450178,41		//450178僌儗僀僂儖僼儘乕僽
102294,470087,41		//470087僌儗僀僂儖僼僽乕僣
102294,470088,41		//470088僌儗僀僂儖僼僔儏乕僘
102294,480090,41		//480090僌儗僀僂儖僼儅僼儔乕
102294,480091,41		//480091僌儗僀僂儖僼儅儞僩
102294,400409,41		//400409儚僀儖僪價乕僗僩

//僄儞僴儞僗僉儏乕僽I(栭娫摤媄応) (102410)
102410,450149,42		//450149傾儞僥傿僐儞僕儍儔乕僗乕僣
102410,450150,42		//450150儅僕僢僋僾儘僥僋僞乕儘乕僽
102410,460005,42		//460005儅僕僢僋傾僽僜乕僶乕
102410,460006,42		//460006戝昐壢帠揟姰慡斉
102410,480331,42		//480331儅僕僢僋僶儕傾乕僋儘乕僗

//僄儞僴儞僗僉儏乕僽(愥壴) (101187)
101187,450206,43		//450206愥壴偺儊僀儖
101187,450207,43		//450207愥壴偺儘乕僽
101187,470115,43		//470115愥壴偺僽乕僣
101187,470116,43		//470116愥壴偺僔儏乕僘
101187,480159,43		//480159愥壴偺儅儞僩
101187,480160,43		//480160愥壴偺儅僼儔乕

//僛儞儅僀惂屼婡 (101099)
101099,570028,44		//570028僾儗僕僔儑儞儕儏乕僩
101099,810005,44		//810005僾儗僕僔儑儞儔僀僼儖
101099,700050,44		//700050僾儗僕僔儑儞儃僂
101099,580028,44		//580028僾儗僕僔儑儞儂僀僢僾
101099,650019,44		//650019僾儗僕僔儑儞晽杺庤棤寱
101099,560030,44		//560030僾儗僕僔儑儞僼傿僗僩
101099,800009,44		//800009僾儗僕僔儑儞僴儞僪僈儞
101099,820004,44		//820004僾儗僕僔儑儞僔儑僢僩僈儞
101099,840004,44		//840004僾儗僕僔儑儞僌儗僱乕僪
101099,830008,44		//830008僾儗僕僔儑儞僈僩儕儞僌
101099,550054,44		//550054僜儕僢僪儚儞僪
101099,550055,44		//550055僜儕僢僪儘僢僪
101099,540041,44		//540041僜儕僢僪儅僯儏傾儖
101099,530023,44		//530023僜儕僢僪僗僺傾乕
101099,640031,44		//640031僜儕僢僪僗僞僢僼
101099,21063,44		//21063僜儕僢僪僋儗僀儌傾
101099,500044,44		//500044僜儕僢僪僄僢僕
101099,500045,44		//500045僂傿僉僢僪僽儗乕僪
101099,540042,44		//540042僂傿僉僢僪僽僢僋
101099,550056,44		//550056僂傿僉僢僪僼僅僢僋僗僥僀儖
101099,510051,44		//510051僂傿僉僢僪僟僈乕
101099,590036,44		//590036僂傿僉僢僪僋儘僗
101099,610035,44		//610035僂傿僉僢僪僇僞乕儖
101099,620016,44		//620016僂傿僉僢僪傾僢僋僗
